50 200

7 49  74
8 30  273
44 28  424
9 40  166
3 27  230
40 12  304
19 9  158
10 33  100
28 16  336
47 26  13
17 10  134
29 49  80
21 17  173
43 36  486
45 28  92
44 7  2
3 8  445
18 40  125
46 30  404
22 16  50
24 1  354
27 8  229
33 48  482
35 13  366
14 13  37
25 19  116
44 29  2
17 45  106
4 1  299
38 23  6
32 2  67
16 37  439
44 1  398
21 28  138
44 4  110
31 45  176
35 48  143
49 18  413
10 7  95
8 45  469
13 30  7
12 42  366
21 45  213
21 1  91
31 38  58
16 40  141
29 35  7
22 48  96
19 4  224
39 10  406
26 23  7
13 20  239
44 20  345
16 34  227
44 13  239
44 40  51
9 23  448
35 17  273
39 47  386
46 35  124
35 15  126
34 42  12
29 2  245
45 18  397
42 15  492
33 19  398
3 47  326
10 12  212
25 35  369
45 26  268
39 24  332
6 1  373
10 44  485
5 39  408
15 43  270
30 5  356
6 13  3
26 8  250
31 44  139
8 47  152
49 3  232
31 14  420
25 9  181
29 23  55
10 37  46
17 25  201
6 14  98
48 4  51
0 26  413
4 47  5
31 48  66
28 49  210
29 3  484
47 7  274
22 5  177
3 24  131
16 0  445
20 35  17
48 5  134
7 26  179
16 7  212
28 14  320
37 33  92
20 12  134
47 31  89
39 23  378
4 8  201
4 10  416
47 30  231
5 46  108
38 0  427
35 7  114
14 43  361
4 18  358
13 2  418
43 19  468
47 19  396
3 23  104
9 6  431
24 32  474
0 31  481
3 0  21
33 8  4
30 29  333
24 49  43
49 21  311
29 33  471
40 23  151
21 29  319
46 49  231
21 26  125
44 8  197
21 14  61
48 1  441
3 1  302
20 25  13
33 38  118
8 0  325
45 7  12
43 3  66
10 42  404
2 7  142
10 0  300
27 21  288
14 25  142
17 48  343
15 24  446
23 20  412
39 4  306
16 6  305
10 48  93
20 16  81
17 2  440
16 41  172
45 20  241
0 11  64
44 33  228
27 45  32
42 16  7
47 11  104
24 8  437
31 15  211
16 5  474
31 20  292
19 15  328
36 28  126
34 17  450
26 46  77
16 17  21
34 41  211
8 11  245
18 14  326
18 28  30
34 27  241
4 40  397
35 33  49
15 11  253
14 26  238
25 45  211
47 37  300
47 15  194
29 1  26
39 8  34
0 39  171
17 46  39
43 38  437
21 19  497
47 38  360
37 35  236
12 34  490
26 11  326
19 31  404
4 3  180
15 41  108
4 6  451
3 32  33
41 4  478
17 0  290
29 17  17
48 12  30